-0.38726 0.90699 -0.16555
0.68578 -0.47277 0.55334
0.56708 -0.73152 0.37855
-0.74995 0.16446 0.64072
0.34811 0.65937 -0.66637
-0.68699 0.15668 -0.70958
-0.039645 0.73824 0.67338
-0.96817 0.20781 -0.13953
0.16552 -0.98305 -0.078849
0.91056 0.012777 -0.41319
-0.14999 -0.97528 -0.16226
-0.38465 0.75943 0.52469
-0.56684 -0.82164 0.060007
0.28174 0.94924 -0.13986
-0.37412 0.65974 -0.65175
-0.11082 -0.12875 -0.98547
0.96191 -0.20526 -0.18056
0.82356 -0.50623 0.25588
0.76802 0.60917 -0.19762
0.5952 -0.51039 -0.62067
-0.11664 0.91002 0.39782
-0.81787 -0.41849 -0.39491
0.99224 0.10606 -0.06497
0.73504 0.65449 0.17705
-0.016902 0.18999 -0.98164
-0.48951 -0.78293 0.38394
-0.56298 -0.66985 -0.48411
0.1801 0.44872 -0.87533
-0.22078 -0.84749 -0.48271
-0.33284 -0.3416 -0.87894
-0.44901 -0.86081 -0.2396
0.44425 -0.87317 -0.20053
0.29253 -0.54592 -0.78511
-0.66226 -0.53584 0.52372
-0.30922 -0.6293 -0.713
-0.80583 -0.13559 -0.57642
0.2124 -0.85987 0.46423
-0.66993 0.67194 0.31574
-0.027975 -0.47769 -0.87808
-0.034426 0.97607 -0.2147
0.16318 0.86932 -0.46654
0.54953 0.11103 0.82806
-0.16224 0.46957 -0.86786
-0.95508 -0.11985 -0.27105
0.0062431 -0.71026 0.70391
-0.8248 0.38703 0.4122
-0.75711 -0.2289 0.61187
0.91328 0.40405 0.051529
0.61027 0.41143 0.67698
-0.46828 0.379 -0.79817
0.66205 -0.74824 0.042794
-0.48866 -0.37436 0.78808
0.85931 -0.50608 -0.073896
0.28429 0.097044 -0.95381
0.87615 -0.19028 0.44289
0.56889 0.050852 -0.82084
-0.89097 -0.33419 0.30741
0.33951 -0.11302 0.93379
0.19324 -0.22563 -0.95486
-0.48515 0.26846 0.8322
0.38726 -0.90699 0.16555
-0.68578 0.47277 -0.55334
-0.56708 0.73152 -0.37855
0.74995 -0.16446 -0.64072
-0.34811 -0.65937 0.66637
0.68699 -0.15668 0.70958
0.039645 -0.73824 -0.67338
0.96817 -0.20781 0.13953
-0.16552 0.98305 0.078849
-0.91056 -0.012777 0.41319
0.14999 0.97528 0.16226
0.38465 -0.75943 -0.52469
0.56684 0.82164 -0.060007
-0.28174 -0.94924 0.13986
0.37412 -0.65974 0.65175
0.11082 0.12875 0.98547
-0.96191 0.20526 0.18056
-0.82356 0.50623 -0.25588
-0.76802 -0.60917 0.19762
-0.5952 0.51039 0.62067
0.11664 -0.91002 -0.39782
0.81787 0.41849 0.39491
-0.99224 -0.10606 0.06497
-0.73504 -0.65449 -0.17705
0.016902 -0.18999 0.98164
0.48951 0.78293 -0.38394
0.56298 0.66985 0.48411
-0.1801 -0.44872 0.87533
0.22078 0.84749 0.48271
0.33284 0.3416 0.87894
0.44901 0.86081 0.2396
-0.44425 0.87317 0.20053
-0.29253 0.54592 0.78511
0.66226 0.53584 -0.52372
0.30922 0.6293 0.713
0.80583 0.13559 0.57642
-0.2124 0.85987 -0.46423
0.66993 -0.67194 -0.31574
0.027975 0.47769 0.87808
0.034426 -0.97607 0.2147
-0.16318 -0.86932 0.46654
-0.54953 -0.11103 -0.82806
0.16224 -0.46957 0.86786
0.95508 0.11985 0.27105
-0.0062431 0.71026 -0.70391
0.8248 -0.38703 -0.4122
0.75711 0.2289 -0.61187
-0.91328 -0.40405 -0.051529
-0.61027 -0.41143 -0.67698
0.46828 -0.379 0.79817
-0.66205 0.74824 -0.042794
0.48866 0.37436 -0.78808
-0.85931 0.50608 0.073896
-0.28429 -0.097044 0.95381
-0.87615 0.19028 -0.44289
-0.56889 -0.050852 0.82084
0.89097 0.33419 -0.30741
-0.33951 0.11302 -0.93379
-0.19324 0.22563 0.95486
0.48515 -0.26846 -0.8322
